0 0.23317158126518295 0.8582960156265053 0.1125 0.037167187500000004 0.03213241359457723 0.058163938751184176 0.15280399485976018 0.8792927668776894
0 0.2890625 0.8827312499999999 0.2403751316732478 0.04537290775087608 0.146484375 0.055078125 0.1951717433267522 0.892436467249124
0 0.39375000000000004 0.9218062499999999 0.3827562690758678 0.06089660452913985 0.29492187499999994 0.062890625 0.30591560592413225 0.9238002704708601
0 0.34227725003321263 0.9157828367650725 0.29976379827112987 0.06683486767261684 0.234375 0.07265625 0.27688845176208277 0.9216042190924557
0 0.45156250000000026 0.06686406250000008 0.38107760997560686 0.06526972826860482 0.3701107945736263 0.9272050180993501 0.4405956845980197 0.9287993523307453
0 0.5187500000000002 0.0699890625000001 0.45164757500735736 0.06559651663018883 0.4203975750073572 0.9142871416301888 0.4875 0.9186796875
0 0.6093750000000001 0.08405625000000011 0.5288844646007187 0.07117107982538368 0.45232196460071866 0.9214242048253837 0.5328125 0.9343093750000001
0 0.6703125000000002 0.10124843750000015 0.5957733847784477 0.08783021412670608 0.5098358847784475 0.936520839126706 0.5843750000000001 0.9499390625000002
0 0.7375000000000002 0.0856187500000002 0.6721357798393506 0.0717219794714552 0.5710509938692963 0.916980324154803 0.6364152140299458 0.930877094683348
0 0.825 0.10750000000000012 0.7350110195823277 0.08069890290315765 0.5912610195823277 0.9387676529031577 0.6812499999999999 0.9655687500000002
0 0.8966555620877472 0.1054712794685369 0.8166958577018384 0.07704965193060384 0.6466027956140913 0.9277689974620671 0.7265625000000002 0.9561906250000002
0 0.9819978848640032 0.15183853514461282 0.9125000000000002 0.12938125000000014 0.7615131416361087 0.960055897426018 0.8310110265001118 0.9825131825706308