0 0.2024115048502278 0.8122677266096211 0.15861642191667472 -0.005099846710157775 0.07692873830718294 0.0026812713193226237 0.120723821240736 0.8200488446391015
0 0.28386416524460334 0.006574547047616601 0.1897861796875 0.0009508833333333652 0.16157440663039682 0.8399790133690501 0.25565239218750013 0.8456026770833334
0 0.423765117370162 0.045118392112794406 0.3364031703125 0.03282512291666672 0.2686260857548381 0.8891040766372057 0.35598803281250013 0.9013973458333333
0 0.3408484914597396 0.037526741868985226 0.2754150046875 0.03267954583333338 0.24001601844958712 0.8822077012498641 0.30544950522182673 0.8870548972855159
0 0.4915130406250001 0.06222186458333345 0.4216992582217586 0.04918615078620358 0.33203157066989497 0.9029146794210894 0.40184535307313646 0.9159503932182192
0 0.5579141031250001 0.07624103333333344 0.4917133366123134 0.06097759082040543 0.3831242428623135 0.8982643137370719 0.44932500937500014 0.91352775625
0 0.6465778296875001 0.10492924375000016 0.5678649889295915 0.07906101268976447 0.41415833111709144 0.9105356522730977 0.49287117187500007 0.9364038833333335
0 0.7054897093750001 0.1318951687500002 0.6327326503407066 0.10646491896070044 0.4698636894032065 0.934865335627367 0.5426207484375001 0.9602955854166668
0 0.7736049890625 0.12729944375000013 0.7099981760543091 0.10288506465728856 0.5324085514434505 0.9254174657966103 0.5960153644516413 0.949831844889322
0 0.8584527875000001 0.1632356833333336 0.7715842449394128 0.12201182679104579 0.5504765293144129 0.9503263726243792 0.6373450718750001 0.9915502291666669
0 0.9234238448849441 0.16822568205391927 0.8507189809747022 0.1333065610040851 0.6267078324652369 0.9624836015914545 0.6994126963754788 0.9974027226412886
0 1.0102278030696676 0.23275469915274513 0.9433005859374998 0.19917192500000003 0.7176131771717069 0.9987686410896314 0.7845403943038748 1.0323514152423765